layout_spectrum: 1
typography_spectrum: 0.4462366
color:
  saturation: 0.970176
  lightness: 0.4995951
  brandStrength: 0.3036075
  rhythmicContrast: 0.2131068
name: ryanojohn
